65
970
230
809
516
57
334
415
674
332
109
286
370
757
595
147
108
23
478
517
334
173
948
727
23
846
270
167
55
858
324
573
150
981
586
887
32
398
777
74
516
756
129
198
256
725
565
167
717
394
92
29
844
591
358
468
259
994
872
588
474
183
107
46
842
390
101
887
870
841
467
149
21
476
80
424
159
275
175
461
970
160
788
58
479
498
369
28
487
50
270
383
366
780
373
705
330
142
949
349
473
159
872
878
201
906
70
486
632
608
122
720
227
686
173
959
638
646
664
645
718
483
852
392
311
457
352
22
934
283
802
553
276
236
751
343
528
328
969
558
163
328
771
726
977
875
265
686
590
975
620
637
39
115
937
272
277
763
789
646
213
493
647
504
937
687
781
666
583
158
825
212
659
257
436
196
140
248
339
230
361
544
935
638
627
289
867
272
103
584
180
703
449
771
118
396
934
16
548
993
704
457
233
401
827
376
146
606
922
516
284
889
475
978
475
984
16
77
610
254
636
662
473
213
25
463
215
173
35
741
125
787
289
425
973
1
167
121
445
702
532
366
678
764
125
349
13
179
522
493
989
720
438
660
983
533
487
27
644
750
865
1
176
694
695
798
925
413
250
970
821
421
361
920
761
27
676
92
194
897
612
610
283
881
906
899
426
554
403
826
869
730
0
866
580
888
43
64
69
176
329
469
292
991
591
346
1
607
934
784
572
389
979
654
420
390
702
24
102
949
508
361
280
65
777
359
165
21
7
525
760
938
254
733
707
463
60
887
531
380
982
305
355
503
818
495
472
293
816
195
904
475
481
431
260
130
627
460
622
696
300
37
133
637
675
465
592
741
895
91
109
582
694
546
208
488
786
959
192
834
879
649
228
621
630
107
598
420
134
133
185
471
230
974
74
76
852
383
267
419
359
484
510
33
177
935
310
998
270
598
199
998
836
14
97
856
398
319
549
92
765
412
945
160
265
638
619
722
183
674
468
468
885
675
636
196
912
721
16
199
175
775
944
350
557
361
361
594
861
257
606
734
767
746
788
346
153
739
414
915
940
152
943
849
712
100
546
744
764
141
39
993
758
190
888
18
584
341
875
359
388
894
437
987
517
372
286
662
713
915
964
146
529
416
376
147
902
26
398
175
270
335
532
540
607
495
222
801
982
304
166
56
868
448
744
567
277
298
651
377
684
832
39
219
863
868
794
80
983
269
238
498
223
521
830
260
491
896
220
680
48
542
961
820
148
114
99
143
691
796
986
346
367
939
875
625
482
464
812
705
860
466
781
499
338
488
858
795
437
11
625
965
874
928
600
86
133
149
865
480
325
499
834
421
298
900
905
184
740
258
762
295
129
240
833
471
385
899
162
288
450
850
227
273
954
965
611
643
147
290
866
186
156
776
775
998
333
325
572
927
744
777
833
551
301
716
848
102
790
959
404
987
415
455
242
600
517
16
320
632
568
338
216
331
726
959
605
134
677
288
10
718
852
440
104
712
388
261
609
620
341
579
450
628
217
878
763
209
126
663
864
232
776
942
336
733
681
512
78
668
699
746
46
618
330
615
427
62
116
127
955
306
425
190
370
187
971
534
397
657
840
718
116
836
994
419
764
214
285
641
951
882
13
829
624
216
665
521
268
468
418
728
356
449
194
362
948
924
249
524
992
571
283
608
129
486
859
498
21
467
591
924
556
97
898
586
10
202
67
501
141
603
727
101
995
278
964
240
423
634
533
424
451
555
732
514
803
300
551
753
411
315
963
129
389
601
526
839
299
578
112
960
632
867
273
61
427
367
924
413
34
773
654
131
874
282
891
956
201
267
969
200
673
423
907
57
27
459
863
322
934
663
424
687
837
958
645
120
306
930
121
694
524
205
137
849
681
380
586
916
478
182
874
715
590
111
19
161
915
730
678
822
818
699
601
673
233
501
624
679
400
581
665
903
622
585
800
899
669
81
746
595
935
668
295
893
266
628
987
367
294
727
12
876
186
589
70
129
454
17
946
200
181
163
80
940
587
21
198
25
932
339
480
764
883
454
807
287
868
614
814
591
919
508
479
452
155
41
163
606
7
269
576
858
506
23
447
397
595
753
5
186
667
305
46
303
673
927
91
34
757
406
390
76
517
806
330
34
130
103
56
545
78
31
372
235
516
159
187
930
888
96
444
991
872
302
566
33
818
694
406
20
18
371
320
724
994
730
613
105
878
311
883
367
243
627
944
43
412
921
332
474
276
629
917
77
643
556
998
328
723
161
250
1
919
392
264
408
633
495
188
884
335
795
241
842
71
862
254
27
409
444
433
324
322
688
579
562
917
803
863
44
719
16
384
328
348
194
678
593
9
371
25
913
667
104
72
223
268
283
477
53
465
100
543
133
159
439
151
355
392
577
72
383
846
145
109
988
824
293
411
718
484
966
259
344
132
128
154
210
508
445
138
233
376
720
464
960
999
455
613
314
993
17
759
843
721
331
508
432
778
370
468
489
375
263
164
418
377
878
283
838
442
380
641
628
592
59
224
587
724
207
228
8
962
575
988
889
551
990
141
120
207
121
946
463
786
167
256
986
28
283
834
720
411
80
173
29
606
636
156
91
734
569
458
84
230
274
707
75
965
260
978
767
372
717
764
96
958
857
327
140
88
156
137
842
556
492
771
653
484
269
787
827
644
393
386
654
137
715
906
724
823
516
64
850
321
611
392
509
207
655
397
949
188
830
750
259
294
450
511
477
255
814
781
177
654
911
680
769
830
273
24
463
321
480
331
21
556
481
420
179
216
212
152
333
646
152
635
128
993
351
928
266
830
371
335
319
786
816
334
509
444
155
902
527
817
346
848
173
438
443
745
374
548
552
619
411
451
278
715
629
855
694
709
611
168
113
782
974
147
69
546
11
543
629
127
413
349
345
922
484
78
200
399
192
543
89
423
323
764
970
829
645
542
809
195
732
474
915
820
238
643
978
214
844
717
925
57
911
444
827
245
250
930
791
401
648
773
978
875
637
975
586
873
472
978
909
102
878
784
398
355
643
279
92
523
50
510
765
281
870
748
253
749
754
452
775
261
562
506
289
827
456
449
117
97
101
291
346
809
997
168
896
714
126
593
8
432
72
158
958
662
945
47
919
427
924
185
685
124
660
449
434
178
356
128
819
157
404
23
943
155
756
797
916
254
9
471
577
255
882
654
261
931
950
360
246
872
982
519
826
556
220
928
402
911
601
179
639
302
767
778
697
178
500
912
557
745
611
401
571
621
206
89
394
481
627
333
701
644
364
450
972
199
621
795
265
118
705
565
519
641
75
757
590
749
374
986
76
83
14
945
683
770
318
268
429
269
828
503
150
344
858
45
959
884
333
953
86
204
62
960
222
178
178
274
21
552
147
555
566
74
264
399
285
768
296
327
502
721
310
944
377
825
404
942
17
359
860
750
926
345
957
676
843
430
919
871
424
141
653
961
977
657
782
840
471
303
863
122
851
803
909
365
326
80
166
304
398
821
456
580
149
550
367
872
173
944
220
780
492
437
888
185
12
33
764
740
522
917
638
86
193
748
300
741
262
839
307
782
859
49
658
966
176
215
64
561
370
690
66
403
433
313
138
813
504
907
705
587
862
67
328
390
81
187
15
798
519
494
405
786
423
593
917
65
149
541
838
923
894
917
651
943
559
856
72
921
567
861
687
47
257
766
169
578
889
87
448
660
789
790
185
798
35
275
636
783
352
81
960
140
586
44
254
603
533
37
919
159
30
963
551
906
373
816
951
671
724
671
37
219
669
706
848
25
898
394
330
951
810
874
481
641
4
472
92
818
890
828
840
684
235
559
264
508
972
518
840
548
956
221
548
65
167
157
261
547
862
665
251
53
897
350
68
607
104
264
179
209
343
620
313
786
134
323
861
836
16
361
656
715
43
917
968
114
27
536
740
417
100
860
902
949
779
307
848
31
327
896
299
994
124
297
114
390
327
90
877
16
319
675
711
486
518
527
220
816
78
494
255
308
204
170
78
977
263
401
653
779
556
690
399
181
304
167
950
152
438
227
157
790
599
924
752
475
877
763
809
359
785
927
885
812
642
867
884
785
139
779
39
786
771
466
848
894
170
675
492
831
175
21
631
778
25
884
116
68
860
467
965
960
370
171
936
602
781
979
142
605
894
700
683
306
546
550
761
621
595
583
320
567
179
840
172
769
156
954
385
223
192
729
759
559
87
116
236
554
636
479
168
828
516
719
437
100
538
185
697
132
241
312
634
515
309
685
783
61
998
886
111
427
314
350
719
71
286
588
912
132
670
539
498
877
558
591
251
788
232
908
471
754
959
767
8
690
496
359
407
767
438
715
629
13
407
268
842
738
943
320
810
202
922
262
185
184
374
183
502
40
941
106
900
6
949
247
32
47
505
460
40
604
216
477
590
622
315
961
39
944
404
765
678
204
124
181
386
113
575
689
557
230
499
670
726
932
217
727
737
230
541
732
686
395
547
623
732
344
670
506
650
536
675
120
970
74
292
745
483
529
212
961
715
751
583
185
706
885
149
749
134
131
248
677
342
314
540
565
661
382
235
750
313
835
894
406
768
562
452
196
505
10
171
500
716
318
357
330
106
22
577
573
482
438
283
542
457
897
502
72
305
541
915
633
755
991
333
571
461
51
16
479
932
493
644
542
467
175
126
483
402
270
352
792
248
828
772
692
340
14
285
351
77
529
358
47
505
162
868
859
672
959
369
832
907
674
783
664
146
785
883
628
871
632
586
219
951
946
93
55
877
980
663
296
61
664
896
981
677
161
758
653
487
695
514
757
417
668
847
628
847
658
952
987
135
308
815
542
724
55
299
810
730
575
835
394
0
988
376
300
612
546
137
412
874
278
398
392
156
753
123
992
65
903
781
121
447
662
845
449
847
34
792
754
148
996
23
692
141
513
89
796
414
681
190
84
409
952
432
456
610
414
958
838
974
954
885
905
121
10
129
708
189
613
585
826
614
547
332
889
437
637
809
406
854
5
154
594
569
506
499
867
153
727
251
956
583
442
400
923
201
640
607
319
933
449
24
488
104
62
37
879
241
982
745
977
580
171
650
1
133
123
424
614
167
229
610
534
524
840
932
559
981
333
565
821
904
269
222
114
185
91
846
139
537
252
748
413
927
354
556
345
722
578
803
241
682
300
490
831
386
250
6
813
799
713
156
981
570
841
662
598
217
43
252
212
218
763
106
839
238
220
744
304
777
357
625
98
904
138
545
199
574
217
614
243
200
247
200
984
539
211
684
171
95
654
174
297
246
862
689
799
370
808
956
972
2
358
801
686
773
940
605
749
779
618
993
805
924
589
145
218
835
37
752
12
481
632
769
401
918
951
391
275
799
369
515
968
137
761
8
166
677
767
430
616
667
325
927
390
450
84
635
736
745
23
92
712
630
410
474
221
793
83
308
175
165
843
881
397
222
104
426
479
195
886
401
266
466
194
949
331
551
315
221
180
550
629
658
889
897
567
832
10
774
525
111
593
504
704
868
347
569
952
596
738
763
59
953
506
585
922
21
807
676
279
363
14
378
310
57
608
357
872
612
154
740
877
266
220
612
785
690
793
423
89
275
460
653
584
282
330
580
284
976
374
669
70
6
251
443
340
263
208
59
483
140
535
947
140
241
707
755
978
121
452
571
508
677
358
122
163
150
60
979
418
701
428
803
24
37
638
37
122
243
766
786
790
847
158
102
405
29
394
467
437
672
752
366
612
825
632
908
492
18
996
430
82
809
834
558
370
978
700
261
513
464
193
218
274
432
799
743
768
758
289
201
209
105
382
560
435
848
270
309
733
54
959
106
336
289
197
861
996
192
632
296
382
620
775
320
350
704
972
498
442
596
525
748
819
601
536
965
565
470
899
782
880
699
292
113
820
763
925
807
810
994
247
865
424
561
760
243
590
181
489
509
929
727
415
55
690
706
101
527
617
117
469
200
784
865
141
754
255
496
847
435
515
291
415
808
707
956
62
289
448
172
316
678
398
383
997
108
17
166
617
139
284
433
628
823
999
80
701
503
793
11
347
785
678
218
850
538
920
782
965
147
57
545
19
836
153
119
910
962
183
73
517
579
140
346
124
627
863
814
665
65
529
466
155
655
540
712
726
247
493
239
34
820
590
528
678
189
117
695
380
293
413
114
391
784
332
709
58
346
313
773
731
10
830
472
456
723
668
461
683
143
745
523
221
946
123
931
757
27
406
510
261
746
981
2
933
54
508
754
342
456
704
905
545
363
113
205
201
945
370
647
155
790
589
532
189
26
532
67
456
506
143
245
433
747
37
203
803
273
326
919
340
873
87
754
816
238
970
843
844
643
563
842
421
87
406
946
979
806
877
619
417
782
105
465
624
830
352
746
33
552
733
855
851
597
281
185
15
503
266
625
506
563
577
36
605
490
944
58
402
80
961
763
828
577
93
315
300
81
178
1
841
729
923
66
409
256
76
818
369
128
391
567
591
365
387
766
939
117
901
458
172
769
541
20
883
356
545
405
716
212
856
635
278
256
25
868
728
540
386
864
971
53
351
578
320
707
691
978
870
630
62
989
127
775
362
311
541
325
642
695
473
761
365
715
493
559
950
999
151
778
647
627
151
3
676
349
936
715
993
60
17
703
290
33
168
967
323
377
462
108
51
227
592
870
421
124
564
801
469
270
960
982
732
577
129
958
841
350
78
259
721
391
958
877
474
650
141
755
283
440
3
744
104
929
973
94
772
879
628
105
634
619
828
988
936
591
742
427
280
156
240
701
80
546
936
196
694
340
99
101
792
373
135
191
611
693
454
221
638
72
535
824
128
298
286
0
85
555
794
961
958
936
990
243
71
514
747
224
868
454
611
309
539
317
393
443
338
520
430
276
841
93
749
282
426
294
457
945
712
458
817
555
624
855
135
110
510
978
783
451
561
419
206
492
266
94
713
720
459
89
246
47
54
435
812
118
766
890
212
719
844
717
358
687
643
970
394
730
935
780
639
475
473
18
492
396
59
679
105
54
450
834
49
538
821
697
794
781
656
893
968
624
567
468
915
689
126
13
724
379
124
673
734
80
763
43
353
816
697
535
868
894
504
884
284
409
297
154
984
629
238
268
653
620
63
302
914
439
144
643
150
1
506
228
144
159
57
820
28
387
183
37
690
567
353
169
524
343
600
135
24
369
528
271
520
585
683
225
912
44
265
632
999
74
3
793
868
573
374
590
26
911
306
443
387
603
602
230
877
202
652
510
907
337
612
3
169
607
681
135
920
917
761
847
362
27
447
647
524
479
724
189
351
756
342
703
351
873
176
956
526
724
633
199
613
479
473
777
838
419
320
909
669
256
223
605
880
593
469
337
502
839
852
846
528
105
630
515
125
742
94
776
142
512
899
968
270
455
182
58
181
674
96
118
37
453
148
203
770
799
14
385
715
970
601
495
786
57
34
990
400
716
788
337
895
739
282
878
9
61
361
605
216
344
232
844
832
246
596
120
953
861
975
853
921
348
537
856
861
898
39
76
976
449
862
138
719
866
262
429
930
22
302
913
823
821
150
825
369
474
922
898
343
774
312
823
951
676
862
92
346
28
497
549
74
195
251
37
125
648
107
477
139
929
170
99
475
713
984
264
813
432
916
475
662
976
46
749
204
121
622
194
685
283
362
555
474
17
587
368
460
247
885
109
737
865
783
739
462
548
136
435
881
351
274
641
982
426
193
538
354
146
890
954
229
824
861
932
626
620
107
646
69
702
998
607
519
374
792
908
898
304
73
401
648
122
268
593
377
374
503
302
402
848
697
303
374
446
492
755
277
91
446
747
498
372
531
479
763
356
595
642
603
499
467
346
650
631
111
62
487
693
929
134
661
629
117
689
743
817
447
231
321
351
621
494
200
470
316
786
981
258
485
960
144
478
394
506
789
325
297
384
461
453
614
349
645
608
782
807
818
830
370
754
762
549
903
213
581
6
857
802
881
242
696
683
939
139
475
749
685
219
702
661
834
453
816
945
327
386
374
298
377
856
625
888
227
176
784
11
953
276
105
546
650
689
739
298
14
4
526
47
897
791
984
839
842
986
411
582
52
43
778
306
820
150
228
542
78
887
334
876
948
829
259
199
804
313
566
84
821
536
929
928
957
921
608
744
172
392
820
937
114
331
51
113
7
7
60
837
592
396
650
687
663
516
159
182
430
597
950
566
31
440
234
726
113
980
517
221
572
598
376
913
843
531
803
125
685
255
801
417
666
891
530
57
516
166
745
450
312
101
716
819
564
355
353
308
883
775
131
939
83
126
885
955
18
628
480
823
594
405
167
95
605
430
338
86
305
648
403
414
939
497
236
413
350
819
93
50
719
193
262
405
60
955
775
260
331
265
938
370
663
26
407
660
119
67
89
683
779
801
263
368
862
214
486
143
501
474
541
916
530
46
153
634
177
208
425
639
219
705
198
518
115
232
1
558
796
126
807
619
618
655
88
759
249
33
386
30
900
680
693
370
123
651
458
848
838
197
566
515
721
18
774
962
272
361
494
55
214
783
946
430
293
195
100
120
442
578
751
764
336
441
448
558
64
435
561
291
189
465
202
179
574
257
896
692
696
503
534
856
346
743
416
698
911
389
762
258
535
230
983
381
402
310
780
11
891
379
797
329
42
147
88
582
638
687
102
97
631
917
969
221
85
233
999
246
159
76
288
962
155
794
951
848
146
31
519
631
872
563
252
300
665
317
245
205
755
126
125
29
17
231
28
553
48
976
767
572
201
752
352
230
671
312
115
316
711
13
670
788
551
770
903
90
771
468
181
464
579
588
846
24
957
500
582
817
890
205
986
769
785
989
13
38
165
548
457
934
565
264
492
858
607
657
417
483
799
795
698
747
851
161
614
627
971
478
896
63
174
934
264
929
332
457
923
7
698
245
956
286
706
110
373
482
609
705
356
994
637
636
604
448
152
163
107
911
97
353
585
404
946
646
292
140
860
734
739
243
964
673
519
901
341
277
635
707
661
286
863
401
79
299
826
280
31
604
88
697
755
745
538
758
305
441
327
867
312
756
275
925
138
716
365
305
976
10
478
229
50
896
324
86
386
614
699
133
408
565
35
611
77
941
769
537
543
255
458
573
633
338
944
854
797
491
714
627
16
382
531
58
933
287
653
813
200
791
549
522
155
632
110
894
182
513
396
243
427
368
737
181
438
759
716
331
154
728
807
596
634
517
483
599
157
159
324
817
179
115
645
816
155
604
664
29
156
550
972
284
403
874
315
637
393
421
78
845
221
963
558
222
400
46
991
665
147
50
763
502
748
74
648
137
119
485
610
475
487
72
569
559
858
935
731
455
766
973
395
786
263
734
885
308
760
256
289
79
348
524
591
72
277
408
58
634
578
70
671
166
439
523
72
961
327
859
856
756
989
906
735
551
389
559
75
75
902
830
102
369
519
551
686
70
366
769
107
517
314
272
434
239
607
58
8
832
220
182
980
975
617
378
748
250
516
866
932
659
468
953
930
873
39
518
466
833
408
924
937
257
508
314
734
696
956
615
320
946
196
484
123
903
34
56
213
512
208
99
372
205
677
786
171
788
772
94
99
463
855
555
862
882
937
592
11
966
13
736
767
197
914
524
197
882
930
119
315
83
788
124
979
320
169
491
861
784
446
517
340
887
52
514
73
366
961
224
702
275
432
267
706
54
963
275
427
316
945
606
198
177
928
612
442
477
856
375
75
709
678
360
442
330
566
150
636
902
730
7
892
706
458
51
2
602
659
553
8
17
17
880
734
273
933
953
891
464
158
860
669
857
2
448
869
126
970
273
73
972
727
506
306
91
205
181
521
17
24
545
957
845
104
513
53
777
847
193
378
696
940
200
155
409
229
123
516
723
578
247
847
956
51
890
440
273
646
182
12
958
980
172
499
844
21
811
431
512
826
237
511
542
565
169
446
453
900
343
740
235
192
380
475
121
126
50
161
240
976
422
172
803
362
526
283
479
515
501
545
758
4
123
329
503
966
281
209
401
687
442
32
949
839
974
576
514
988
173
256
164
991
882
609
756
710
634
936
125
492
798
471
67
242
257
141
571
321
631
586
902
793
378
869
520
748
121
7
396
670
453
797
917
746
972
506
997
910
257
802
688
210
859
337
753
519
750
625
476
651
683
762
800
802
874
853
625
585
93
928
407
955
807
62
544
402
494
87
756
45
244
522
347
692
886
182
864
884
985
914
635
302
18
633
610
440
725
850
698
909
743
643
575
928
106
638
770
519
541
456
900
617
235
200
272
975
191
740
493
576
983
923
217
199
7
828
656
217
23
47
439
155
667
18
197
631
442
235
377
389
728
623
528
240
947
183
133
861
394
425
389
13
294
243
69
850
56
143
360
547
462
60
552
611
322
572
577
197
833
708
598
918
124
459
149
361
520
458
270
193
667
660
453
833
716
190
285
30
954
211
906
374
631
670
450
914
39
261
503
463
978
100
488
995
760
230
115
860
251
811
814
490
38
683
994
493
673
277
839
564
920
483
629
757
217
877
60
785
824
1
401
214
853
126
295
318
892
719
462
124
238
516
535
149
521
152
393
562
195
931
419
1
103
423
824
599
780
370
175
511
456
184
984
58
997
114
837
333
787
889
858
93
5
700
656
986
991
812
465
857
312
652
610
445
246
231
527
221
451
149
304
158
523
285
354
966
78
395
32
500
617
665
946
604
130
246
464
237
339
50
618
859
921
885
581
550
629
585
201
701
274
12
153
12
237
345
718
368
225
147
9
41
664
932
981
776
363
239
694
307
232
905
564
850
195
179
328
899
167
539
173
166
829
680
145
37
268
523
394
447
779
567
377
670
965
139
693
355
538
167
501
212
795
918
897
610
718
726
253
145
868
498
361
705
327
869
417
305
350
499
879
401
241
937
600
284
537
172
442
465
695
696
525
768
544
627
949
647
37
568
944
959
345
457
349
79
378
612
104
104
596
835
614
568
322
304
265
758
866
829
360
977
906
24
571
334
785
694
299
743
654
722
817
272
271
409
515
6
927
337
557
997
527
895
353
885
385
237
174
214
642
932
440
904
903
766
525
11
283
416
792
35
35
910
598
578
281
990
110
391
859
412
959
472
688
588
497
753
350
44
529
760
945
303
985
51
539
111
412
708
180
52
581
852
734
538
836
625
711
960
936
704
226
497
276
195
863
457
88
30
760
180
593
543
654
939
698
956
594
841
172
694
496
544
198
693
956
243
102
121
783
250
189
5
817
507
438
973
178
434
978
214
348
817
726
821
585
9
403
333
334
457
580
201
386
716
159
430
546
219
174
209
895
358
321